4988
18 7488
18 7491
21 7491
21 7488
30 7488
30 7494
33 7494
33 7488
42 7488
42 7497
45 7497
45 7488
54 7488
54 7500
57 7500
57 7488
66 7488
66 7503
69 7503
69 7488
78 7488
78 7506
81 7506
81 7488
90 7488
90 7509
93 7509
93 7488
102 7488
102 7512
105 7512
105 7488
114 7488
114 7515
117 7515
117 7488
126 7488
126 7518
129 7518
129 7488
138 7488
138 7521
141 7521
141 7488
150 7488
150 7524
153 7524
153 7488
162 7488
162 7527
165 7527
165 7488
174 7488
174 7530
177 7530
177 7488
186 7488
186 7533
189 7533
189 7488
198 7488
198 7536
201 7536
201 7488
210 7488
210 7539
213 7539
213 7488
222 7488
222 7542
225 7542
225 7488
234 7488
234 7545
237 7545
237 7488
246 7488
246 7548
249 7548
249 7488
258 7488
258 7551
261 7551
261 7488
270 7488
270 7554
273 7554
273 7488
282 7488
282 7557
285 7557
285 7488
294 7488
294 7560
297 7560
297 7488
306 7488
306 7563
309 7563
309 7488
318 7488
318 7566
321 7566
321 7488
330 7488
330 7569
333 7569
333 7488
342 7488
342 7572
345 7572
345 7488
354 7488
354 7575
357 7575
357 7488
366 7488
366 7578
369 7578
369 7488
378 7488
378 7581
381 7581
381 7488
390 7488
390 7584
393 7584
393 7488
402 7488
402 7587
405 7587
405 7488
414 7488
414 7590
417 7590
417 7488
426 7488
426 7593
429 7593
429 7488
438 7488
438 7596
441 7596
441 7488
450 7488
450 7599
453 7599
453 7488
462 7488
462 7602
465 7602
465 7488
474 7488
474 7605
477 7605
477 7488
486 7488
486 7608
489 7608
489 7488
498 7488
498 7611
501 7611
501 7488
510 7488
510 7614
513 7614
513 7488
522 7488
522 7617
525 7617
525 7488
534 7488
534 7620
537 7620
537 7488
546 7488
546 7623
549 7623
549 7488
558 7488
558 7626
561 7626
561 7488
570 7488
570 7629
573 7629
573 7488
582 7488
582 7632
585 7632
585 7488
594 7488
594 7635
597 7635
597 7488
606 7488
606 7638
609 7638
609 7488
618 7488
618 7641
621 7641
621 7488
630 7488
630 7644
633 7644
633 7488
642 7488
642 7647
645 7647
645 7488
654 7488
654 7650
657 7650
657 7488
666 7488
666 7653
669 7653
669 7488
678 7488
678 7656
681 7656
681 7488
690 7488
690 7659
693 7659
693 7488
702 7488
702 7662
705 7662
705 7488
714 7488
714 7665
717 7665
717 7488
726 7488
726 7668
729 7668
729 7488
738 7488
738 7671
741 7671
741 7488
750 7488
750 7674
753 7674
753 7488
762 7488
762 7677
765 7677
765 7488
774 7488
774 7680
777 7680
777 7488
786 7488
786 7683
789 7683
789 7488
798 7488
798 7686
801 7686
801 7488
810 7488
810 7689
813 7689
813 7488
822 7488
822 7692
825 7692
825 7488
834 7488
834 7695
837 7695
837 7488
846 7488
846 7698
849 7698
849 7488
858 7488
858 7701
861 7701
861 7488
870 7488
870 7704
873 7704
873 7488
882 7488
882 7707
885 7707
885 7488
894 7488
894 7710
897 7710
897 7488
906 7488
906 7713
909 7713
909 7488
918 7488
918 7716
921 7716
921 7488
930 7488
930 7719
933 7719
933 7488
942 7488
942 7722
945 7722
945 7488
954 7488
954 7725
957 7725
957 7488
966 7488
966 7728
969 7728
969 7488
978 7488
978 7731
981 7731
981 7488
990 7488
990 7734
993 7734
993 7488
1002 7488
1002 7737
1005 7737
1005 7488
1014 7488
1014 7740
1017 7740
1017 7488
1026 7488
1026 7743
1029 7743
1029 7488
1038 7488
1038 7746
1041 7746
1041 7488
1050 7488
1050 7749
1053 7749
1053 7488
1062 7488
1062 7752
1065 7752
1065 7488
1074 7488
1074 7755
1077 7755
1077 7488
1086 7488
1086 7758
1089 7758
1089 7488
1098 7488
1098 7761
1101 7761
1101 7488
1110 7488
1110 7764
1113 7764
1113 7488
1122 7488
1122 7767
1125 7767
1125 7488
1134 7488
1134 7770
1137 7770
1137 7488
1146 7488
1146 7773
1149 7773
1149 7488
1158 7488
1158 7776
1161 7776
1161 7488
1170 7488
1170 7779
1173 7779
1173 7488
1182 7488
1182 7782
1185 7782
1185 7488
1194 7488
1194 7785
1197 7785
1197 7488
1206 7488
1206 7788
1209 7788
1209 7488
1218 7488
1218 7791
1221 7791
1221 7488
1230 7488
1230 7794
1233 7794
1233 7488
1242 7488
1242 7797
1245 7797
1245 7488
1254 7488
1254 7800
1257 7800
1257 7488
1266 7488
1266 7803
1269 7803
1269 7488
1278 7488
1278 7806
1281 7806
1281 7488
1290 7488
1290 7809
1293 7809
1293 7488
1302 7488
1302 7812
1305 7812
1305 7488
1314 7488
1314 7815
1317 7815
1317 7488
1326 7488
1326 7818
1329 7818
1329 7488
1338 7488
1338 7821
1341 7821
1341 7488
1350 7488
1350 7824
1353 7824
1353 7488
1362 7488
1362 7827
1365 7827
1365 7488
1374 7488
1374 7830
1377 7830
1377 7488
1386 7488
1386 7833
1389 7833
1389 7488
1398 7488
1398 7836
1401 7836
1401 7488
1410 7488
1410 7839
1413 7839
1413 7488
1422 7488
1422 7842
1425 7842
1425 7488
1434 7488
1434 7845
1437 7845
1437 7488
1446 7488
1446 7848
1449 7848
1449 7488
1458 7488
1458 7851
1461 7851
1461 7488
1470 7488
1470 7854
1473 7854
1473 7488
1482 7488
1482 7857
1485 7857
1485 7488
1494 7488
1494 7860
1497 7860
1497 7488
1506 7488
1506 7863
1509 7863
1509 7488
1518 7488
1518 7866
1521 7866
1521 7488
1530 7488
1530 7869
1533 7869
1533 7488
1542 7488
1542 7872
1545 7872
1545 7488
1554 7488
1554 7875
1557 7875
1557 7488
1566 7488
1566 7878
1569 7878
1569 7488
1578 7488
1578 7881
1581 7881
1581 7488
1590 7488
1590 7884
1593 7884
1593 7488
1602 7488
1602 7887
1605 7887
1605 7488
1614 7488
1614 7890
1617 7890
1617 7488
1626 7488
1626 7893
1629 7893
1629 7488
1638 7488
1638 7896
1641 7896
1641 7488
1650 7488
1650 7899
1653 7899
1653 7488
1662 7488
1662 7902
1665 7902
1665 7488
1674 7488
1674 7905
1677 7905
1677 7488
1686 7488
1686 7908
1689 7908
1689 7488
1698 7488
1698 7911
1701 7911
1701 7488
1710 7488
1710 7914
1713 7914
1713 7488
1722 7488
1722 7917
1725 7917
1725 7488
1734 7488
1734 7920
1737 7920
1737 7488
1746 7488
1746 7923
1749 7923
1749 7488
1758 7488
1758 7926
1761 7926
1761 7488
1770 7488
1770 7929
1773 7929
1773 7488
1782 7488
1782 7932
1785 7932
1785 7488
1794 7488
1794 7935
1797 7935
1797 7488
1806 7488
1806 7938
1809 7938
1809 7488
1818 7488
1818 7941
1821 7941
1821 7488
1830 7488
1830 7944
1833 7944
1833 7488
1842 7488
1842 7947
1845 7947
1845 7488
1854 7488
1854 7950
1857 7950
1857 7488
1866 7488
1866 7953
1869 7953
1869 7488
1878 7488
1878 7956
1881 7956
1881 7488
1890 7488
1890 7959
1893 7959
1893 7488
1902 7488
1902 7962
1905 7962
1905 7488
1914 7488
1914 7965
1917 7965
1917 7488
1926 7488
1926 7968
1929 7968
1929 7488
1938 7488
1938 7971
1941 7971
1941 7488
1950 7488
1950 7974
1953 7974
1953 7488
1962 7488
1962 7977
1965 7977
1965 7488
1974 7488
1974 7980
1977 7980
1977 7488
1986 7488
1986 7983
1989 7983
1989 7488
1998 7488
1998 7986
2001 7986
2001 7488
2010 7488
2010 7989
2013 7989
2013 7488
2022 7488
2022 7992
2025 7992
2025 7488
2034 7488
2034 7995
2037 7995
2037 7488
2046 7488
2046 7998
2049 7998
2049 7488
2058 7488
2058 8001
2061 8001
2061 7488
2070 7488
2070 8004
2073 8004
2073 7488
2082 7488
2082 8007
2085 8007
2085 7488
2094 7488
2094 8010
2097 8010
2097 7488
2106 7488
2106 8013
2109 8013
2109 7488
2118 7488
2118 8016
2121 8016
2121 7488
2130 7488
2130 8019
2133 8019
2133 7488
2142 7488
2142 8022
2145 8022
2145 7488
2154 7488
2154 8025
2157 8025
2157 7488
2166 7488
2166 8028
2169 8028
2169 7488
2178 7488
2178 8031
2181 8031
2181 7488
2190 7488
2190 8034
2193 8034
2193 7488
2202 7488
2202 8037
2205 8037
2205 7488
2214 7488
2214 8040
2217 8040
2217 7488
2226 7488
2226 8043
2229 8043
2229 7488
2238 7488
2238 8046
2241 8046
2241 7488
2250 7488
2250 8049
2253 8049
2253 7488
2262 7488
2262 8052
2265 8052
2265 7488
2274 7488
2274 8055
2277 8055
2277 7488
2286 7488
2286 8058
2289 8058
2289 7488
2298 7488
2298 8061
2301 8061
2301 7488
2310 7488
2310 8064
2313 8064
2313 7488
2322 7488
2322 8067
2325 8067
2325 7488
2334 7488
2334 8070
2337 8070
2337 7488
2346 7488
2346 8073
2349 8073
2349 7488
2358 7488
2358 8076
2361 8076
2361 7488
2370 7488
2370 8079
2373 8079
2373 7488
2382 7488
2382 8082
2385 8082
2385 7488
2394 7488
2394 8085
2397 8085
2397 7488
2406 7488
2406 8088
2409 8088
2409 7488
2418 7488
2418 8091
2421 8091
2421 7488
2430 7488
2430 8094
2433 8094
2433 7488
2442 7488
2442 8097
2445 8097
2445 7488
2454 7488
2454 8100
2457 8100
2457 7488
2466 7488
2466 8103
2469 8103
2469 7488
2478 7488
2478 8106
2481 8106
2481 7488
2490 7488
2490 8109
2493 8109
2493 7488
2502 7488
2502 8112
2505 8112
2505 7488
2514 7488
2514 8115
2517 8115
2517 7488
2526 7488
2526 8118
2529 8118
2529 7488
2538 7488
2538 8121
2541 8121
2541 7488
2550 7488
2550 8124
2553 8124
2553 7488
2562 7488
2562 8127
2565 8127
2565 7488
2574 7488
2574 8130
2577 8130
2577 7488
2586 7488
2586 8133
2589 8133
2589 7488
2598 7488
2598 8136
2601 8136
2601 7488
2610 7488
2610 8139
2613 8139
2613 7488
2622 7488
2622 8142
2625 8142
2625 7488
2634 7488
2634 8145
2637 8145
2637 7488
2646 7488
2646 8148
2649 8148
2649 7488
2658 7488
2658 8151
2661 8151
2661 7488
2670 7488
2670 8154
2673 8154
2673 7488
2682 7488
2682 8157
2685 8157
2685 7488
2694 7488
2694 8160
2697 8160
2697 7488
2706 7488
2706 8163
2709 8163
2709 7488
2718 7488
2718 8166
2721 8166
2721 7488
2730 7488
2730 8169
2733 8169
2733 7488
2742 7488
2742 8172
2745 8172
2745 7488
2754 7488
2754 8175
2757 8175
2757 7488
2766 7488
2766 8178
2769 8178
2769 7488
2778 7488
2778 8181
2781 8181
2781 7488
2790 7488
2790 8184
2793 8184
2793 7488
2802 7488
2802 8187
2805 8187
2805 7488
2814 7488
2814 8190
2817 8190
2817 7488
2826 7488
2826 8193
2829 8193
2829 7488
2838 7488
2838 8196
2841 8196
2841 7488
2850 7488
2850 8199
2853 8199
2853 7488
2862 7488
2862 8202
2865 8202
2865 7488
2874 7488
2874 8205
2877 8205
2877 7488
2886 7488
2886 8208
2889 8208
2889 7488
2898 7488
2898 8211
2901 8211
2901 7488
2910 7488
2910 8214
2913 8214
2913 7488
2922 7488
2922 8217
2925 8217
2925 7488
2934 7488
2934 8220
2937 8220
2937 7488
2946 7488
2946 8223
2949 8223
2949 7488
2958 7488
2958 8226
2961 8226
2961 7488
2970 7488
2970 8229
2973 8229
2973 7488
2982 7488
2982 8232
2985 8232
2985 7488
2994 7488
2994 8235
2997 8235
2997 7488
3006 7488
3006 8238
3009 8238
3009 7488
3018 7488
3018 8241
3021 8241
3021 7488
3030 7488
3030 8244
3033 8244
3033 7488
3042 7488
3042 8247
3045 8247
3045 7488
3054 7488
3054 8250
3057 8250
3057 7488
3066 7488
3066 8253
3069 8253
3069 7488
3078 7488
3078 8256
3081 8256
3081 7488
3090 7488
3090 8259
3093 8259
3093 7488
3102 7488
3102 8262
3105 8262
3105 7488
3114 7488
3114 8265
3117 8265
3117 7488
3126 7488
3126 8268
3129 8268
3129 7488
3138 7488
3138 8271
3141 8271
3141 7488
3150 7488
3150 8274
3153 8274
3153 7488
3162 7488
3162 8277
3165 8277
3165 7488
3174 7488
3174 8280
3177 8280
3177 7488
3186 7488
3186 8283
3189 8283
3189 7488
3198 7488
3198 8286
3201 8286
3201 7488
3210 7488
3210 8289
3213 8289
3213 7488
3222 7488
3222 8292
3225 8292
3225 7488
3234 7488
3234 8295
3237 8295
3237 7488
3246 7488
3246 8298
3249 8298
3249 7488
3258 7488
3258 8301
3261 8301
3261 7488
3270 7488
3270 8304
3273 8304
3273 7488
3282 7488
3282 8307
3285 8307
3285 7488
3294 7488
3294 8310
3297 8310
3297 7488
3306 7488
3306 8313
3309 8313
3309 7488
3318 7488
3318 8316
3321 8316
3321 7488
3330 7488
3330 8319
3333 8319
3333 7488
3342 7488
3342 8322
3345 8322
3345 7488
3354 7488
3354 8325
3357 8325
3357 7488
3366 7488
3366 8328
3369 8328
3369 7488
3378 7488
3378 8331
3381 8331
3381 7488
3390 7488
3390 8334
3393 8334
3393 7488
3402 7488
3402 8337
3405 8337
3405 7488
3414 7488
3414 8340
3417 8340
3417 7488
3426 7488
3426 8343
3429 8343
3429 7488
3438 7488
3438 8346
3441 8346
3441 7488
3450 7488
3450 8349
3453 8349
3453 7488
3462 7488
3462 8352
3465 8352
3465 7488
3474 7488
3474 8355
3477 8355
3477 7488
3486 7488
3486 8358
3489 8358
3489 7488
3498 7488
3498 8361
3501 8361
3501 7488
3510 7488
3510 8364
3513 8364
3513 7488
3522 7488
3522 8367
3525 8367
3525 7488
3534 7488
3534 8370
3537 8370
3537 7488
3546 7488
3546 8373
3549 8373
3549 7488
3558 7488
3558 8376
3561 8376
3561 7488
3570 7488
3570 8379
3573 8379
3573 7488
3582 7488
3582 8382
3585 8382
3585 7488
3594 7488
3594 8385
3597 8385
3597 7488
3606 7488
3606 8388
3609 8388
3609 7488
3618 7488
3618 8391
3621 8391
3621 7488
3630 7488
3630 8394
3633 8394
3633 7488
3642 7488
3642 8397
3645 8397
3645 7488
3654 7488
3654 8400
3657 8400
3657 7488
3666 7488
3666 8403
3669 8403
3669 7488
3678 7488
3678 8406
3681 8406
3681 7488
3690 7488
3690 8409
3693 8409
3693 7488
3702 7488
3702 8412
3705 8412
3705 7488
3714 7488
3714 8415
3717 8415
3717 7488
3726 7488
3726 8418
3729 8418
3729 7488
3738 7488
3738 8421
3741 8421
3741 7488
3750 7488
3750 8421
3753 8421
3753 7488
3762 7488
3762 8421
3765 8421
3765 7488
3774 7488
3774 8421
3777 8421
3777 7488
3786 7488
3786 8421
3789 8421
3789 7488
3798 7488
3798 8421
3801 8421
3801 7488
3810 7488
3810 8421
3813 8421
3813 7488
3822 7488
3822 8421
3825 8421
3825 7488
3834 7488
3834 8421
3837 8421
3837 7488
3846 7488
3846 8421
3849 8421
3849 7488
3858 7488
3858 8421
3861 8421
3861 7488
3870 7488
3870 8421
3873 8421
3873 7488
3882 7488
3882 8421
3885 8421
3885 7488
3894 7488
3894 8421
3897 8421
3897 7488
3906 7488
3906 8421
3909 8421
3909 7488
3918 7488
3918 8421
3921 8421
3921 7488
3930 7488
3930 8421
3933 8421
3933 7488
3942 7488
3942 8421
3945 8421
3945 7488
3954 7488
3954 8421
3957 8421
3957 7488
3966 7488
3966 8421
3969 8421
3969 7488
3978 7488
3978 8421
3981 8421
3981 7488
3990 7488
3990 8421
3993 8421
3993 7488
4002 7488
4002 8421
4005 8421
4005 7488
4014 7488
4014 8421
4017 8421
4017 7488
4026 7488
4026 8421
4029 8421
4029 7488
4038 7488
4038 8421
4041 8421
4041 7488
4050 7488
4050 8421
4053 8421
4053 7488
4062 7488
4062 8421
4065 8421
4065 7488
4074 7488
4074 8421
4077 8421
4077 7488
4086 7488
4086 8421
4089 8421
4089 7488
4098 7488
4098 8421
4101 8421
4101 7488
4110 7488
4110 8421
4113 8421
4113 7488
4122 7488
4122 8421
4125 8421
4125 7488
4134 7488
4134 8421
4137 8421
4137 7488
4146 7488
4146 8421
4149 8421
4149 7488
4158 7488
4158 8421
4161 8421
4161 7488
4170 7488
4170 8421
4173 8421
4173 7488
4182 7488
4182 8421
4185 8421
4185 7488
4194 7488
4194 8421
4197 8421
4197 7488
4206 7488
4206 8421
4209 8421
4209 7488
4218 7488
4218 8421
4221 8421
4221 7488
4230 7488
4230 8421
4233 8421
4233 7488
4242 7488
4242 8421
4245 8421
4245 7488
4254 7488
4254 8421
4257 8421
4257 7488
4266 7488
4266 8421
4269 8421
4269 7488
4278 7488
4278 8421
4281 8421
4281 7488
4290 7488
4290 8421
4293 8421
4293 7488
4302 7488
4302 8421
4305 8421
4305 7488
4314 7488
4314 8421
4317 8421
4317 7488
4326 7488
4326 8421
4329 8421
4329 7488
4338 7488
4338 8421
4341 8421
4341 7488
4350 7488
4350 8421
4353 8421
4353 7488
4362 7488
4362 8421
4365 8421
4365 7488
4374 7488
4374 8421
4377 8421
4377 7488
4386 7488
4386 8421
4389 8421
4389 7488
4398 7488
4398 8421
4401 8421
4401 7488
4410 7488
4410 8421
4413 8421
4413 7488
4422 7488
4422 8421
4425 8421
4425 7488
4434 7488
4434 8421
4437 8421
4437 7488
4446 7488
4446 8421
4449 8421
4449 7488
4458 7488
4458 8421
4461 8421
4461 7488
4470 7488
4470 8421
4473 8421
4473 7488
4482 7488
4482 8421
4485 8421
4485 7488
4494 7488
4494 8421
4497 8421
4497 7488
4506 7488
4506 8421
4509 8421
4509 7488
4518 7488
4518 8421
4521 8421
4521 7488
4530 7488
4530 8421
4533 8421
4533 7488
4542 7488
4542 8421
4545 8421
4545 7488
4554 7488
4554 8421
4557 8421
4557 7488
4566 7488
4566 8421
4569 8421
4569 7488
4578 7488
4578 8421
4581 8421
4581 7488
4590 7488
4590 8421
4593 8421
4593 7488
4602 7488
4602 8421
4605 8421
4605 7488
4614 7488
4614 8421
4617 8421
4617 7488
4626 7488
4626 8421
4629 8421
4629 7488
4638 7488
4638 8421
4641 8421
4641 7488
4650 7488
4650 8421
4653 8421
4653 7488
4662 7488
4662 8421
4665 8421
4665 7488
4674 7488
4674 8421
4677 8421
4677 7488
4686 7488
4686 8421
4689 8421
4689 7488
4698 7488
4698 8421
4701 8421
4701 7488
4710 7488
4710 8421
4713 8421
4713 7488
4722 7488
4722 8421
4725 8421
4725 7488
4734 7488
4734 8421
4737 8421
4737 7488
4746 7488
4746 8421
4749 8421
4749 7488
4758 7488
4758 8421
4761 8421
4761 7488
4770 7488
4770 8421
4773 8421
4773 7488
4782 7488
4782 8421
4785 8421
4785 7488
4794 7488
4794 8421
4797 8421
4797 7488
4806 7488
4806 8421
4809 8421
4809 7488
4818 7488
4818 8421
4821 8421
4821 7488
4830 7488
4830 8421
4833 8421
4833 7488
4842 7488
4842 8421
4845 8421
4845 7488
4854 7488
4854 8421
4857 8421
4857 7488
4866 7488
4866 8421
4869 8421
4869 7488
4878 7488
4878 8421
4881 8421
4881 7488
4890 7488
4890 8421
4893 8421
4893 7488
4902 7488
4902 8421
4905 8421
4905 7488
4914 7488
4914 8421
4917 8421
4917 7488
4926 7488
4926 8421
4929 8421
4929 7488
4938 7488
4938 8421
4941 8421
4941 7488
4950 7488
4950 8421
4953 8421
4953 7488
4962 7488
4962 8421
4965 8421
4965 7488
4974 7488
4974 8421
4977 8421
4977 7488
4986 7488
4986 8421
4989 8421
4989 7488
4998 7488
4998 8421
5001 8421
5001 7488
5010 7488
5010 8421
5013 8421
5013 7488
5022 7488
5022 8421
5025 8421
5025 7488
5034 7488
5034 8421
5037 8421
5037 7488
5046 7488
5046 8421
5049 8421
5049 7488
5058 7488
5058 8421
5061 8421
5061 7488
5070 7488
5070 8421
5073 8421
5073 7488
5082 7488
5082 8421
5085 8421
5085 7488
5094 7488
5094 8421
5097 8421
5097 7488
5106 7488
5106 8421
5109 8421
5109 7488
5118 7488
5118 8421
5121 8421
5121 7488
5130 7488
5130 8421
5133 8421
5133 7488
5142 7488
5142 8421
5145 8421
5145 7488
5154 7488
5154 8421
5157 8421
5157 7488
5166 7488
5166 8421
5169 8421
5169 7488
5178 7488
5178 8421
5181 8421
5181 7488
5190 7488
5190 8421
5193 8421
5193 7488
5202 7488
5202 8421
5205 8421
5205 7488
5214 7488
5214 8421
5217 8421
5217 7488
5226 7488
5226 8421
5229 8421
5229 7488
5238 7488
5238 8421
5241 8421
5241 7488
5250 7488
5250 8421
5253 8421
5253 7488
5262 7488
5262 8421
5265 8421
5265 7488
5274 7488
5274 8421
5277 8421
5277 7488
5286 7488
5286 8421
5289 8421
5289 7488
5298 7488
5298 8421
5301 8421
5301 7488
5310 7488
5310 8421
5313 8421
5313 7488
5322 7488
5322 8421
5325 8421
5325 7488
5334 7488
5334 8421
5337 8421
5337 7488
5346 7488
5346 8421
5349 8421
5349 7488
5358 7488
5358 8421
5361 8421
5361 7488
5370 7488
5370 8421
5373 8421
5373 7488
5382 7488
5382 8421
5385 8421
5385 7488
5394 7488
5394 8421
5397 8421
5397 7488
5406 7488
5406 8421
5409 8421
5409 7488
5418 7488
5418 8421
5421 8421
5421 7488
5430 7488
5430 8421
5433 8421
5433 7488
5442 7488
5442 8421
5445 8421
5445 7488
5454 7488
5454 8421
5457 8421
5457 7488
5466 7488
5466 8421
5469 8421
5469 7488
5478 7488
5478 8421
5481 8421
5481 7488
5490 7488
5490 8421
5493 8421
5493 7488
5502 7488
5502 8421
5505 8421
5505 7488
5514 7488
5514 8421
5517 8421
5517 7488
5526 7488
5526 8421
5529 8421
5529 7488
5538 7488
5538 8421
5541 8421
5541 7488
5550 7488
5550 8421
5553 8421
5553 7488
5562 7488
5562 8421
5565 8421
5565 7488
5574 7488
5574 8421
5577 8421
5577 7488
5586 7488
5586 8421
5589 8421
5589 7488
5598 7488
5598 8421
5601 8421
5601 7488
5610 7488
5610 8421
5613 8421
5613 7488
5622 7488
5622 8421
5625 8421
5625 7488
5634 7488
5634 8421
5637 8421
5637 7488
5646 7488
5646 8421
5649 8421
5649 7488
5658 7488
5658 8421
5661 8421
5661 7488
5670 7488
5670 8421
5673 8421
5673 7488
5682 7488
5682 8421
5685 8421
5685 7488
5694 7488
5694 8421
5697 8421
5697 7488
5706 7488
5706 8421
5709 8421
5709 7488
5718 7488
5718 8421
5721 8421
5721 7488
5730 7488
5730 8421
5733 8421
5733 7488
5742 7488
5742 8421
5745 8421
5745 7488
5754 7488
5754 8421
5757 8421
5757 7488
5766 7488
5766 8421
5769 8421
5769 7488
5778 7488
5778 8421
5781 8421
5781 7488
5790 7488
5790 8421
5793 8421
5793 7488
5802 7488
5802 8421
5805 8421
5805 7488
5814 7488
5814 8421
5817 8421
5817 7488
5826 7488
5826 8421
5829 8421
5829 7488
5838 7488
5838 8421
5841 8421
5841 7488
5850 7488
5850 8421
5853 8421
5853 7488
5862 7488
5862 8421
5865 8421
5865 7488
5874 7488
5874 8421
5877 8421
5877 7488
5886 7488
5886 8421
5889 8421
5889 7488
5898 7488
5898 8421
5901 8421
5901 7488
5910 7488
5910 8421
5913 8421
5913 7488
5922 7488
5922 8421
5925 8421
5925 7488
5934 7488
5934 8421
5937 8421
5937 7488
5946 7488
5946 8421
5949 8421
5949 7488
5958 7488
5958 8421
5961 8421
5961 7488
5970 7488
5970 8421
5973 8421
5973 7488
5982 7488
5982 8421
5985 8421
5985 7488
5994 7488
5994 8421
5997 8421
5997 7488
6006 7488
6006 8421
6009 8421
6009 7488
6018 7488
6018 8421
6021 8421
6021 7488
6030 7488
6030 8421
6033 8421
6033 7488
6042 7488
6042 8421
6045 8421
6045 7488
6054 7488
6054 8421
6057 8421
6057 7488
6066 7488
6066 8421
6069 8421
6069 7488
6078 7488
6078 8421
6081 8421
6081 7488
6090 7488
6090 8421
6093 8421
6093 7488
6102 7488
6102 8421
6105 8421
6105 7488
6114 7488
6114 8421
6117 8421
6117 7488
6126 7488
6126 8421
6129 8421
6129 7488
6138 7488
6138 8421
6141 8421
6141 7488
6150 7488
6150 8421
6153 8421
6153 7488
6162 7488
6162 8421
6165 8421
6165 7488
6174 7488
6174 8421
6177 8421
6177 7488
6186 7488
6186 8421
6189 8421
6189 7488
6198 7488
6198 8421
6201 8421
6201 7488
6210 7488
6210 8421
6213 8421
6213 7488
6222 7488
6222 8421
6225 8421
6225 7488
6234 7488
6234 8421
6237 8421
6237 7488
6246 7488
6246 8421
6249 8421
6249 7488
6258 7488
6258 8421
6261 8421
6261 7488
6270 7488
6270 8421
6273 8421
6273 7488
6282 7488
6282 8421
6285 8421
6285 7488
6294 7488
6294 8421
6297 8421
6297 7488
6306 7488
6306 8421
6309 8421
6309 7488
6318 7488
6318 8421
6321 8421
6321 7488
6330 7488
6330 8421
6333 8421
6333 7488
6342 7488
6342 8421
6345 8421
6345 7488
6354 7488
6354 8421
6357 8421
6357 7488
6366 7488
6366 8421
6369 8421
6369 7488
6378 7488
6378 8421
6381 8421
6381 7488
6390 7488
6390 8421
6393 8421
6393 7488
6402 7488
6402 8421
6405 8421
6405 7488
6414 7488
6414 8421
6417 8421
6417 7488
6426 7488
6426 8421
6429 8421
6429 7488
6438 7488
6438 8421
6441 8421
6441 7488
6450 7488
6450 8421
6453 8421
6453 7488
6462 7488
6462 8421
6465 8421
6465 7488
6474 7488
6474 8421
6477 8421
6477 7488
6486 7488
6486 8421
6489 8421
6489 7488
6498 7488
6498 8421
6501 8421
6501 7488
6510 7488
6510 8421
6513 8421
6513 7488
6522 7488
6522 8421
6525 8421
6525 7488
6534 7488
6534 8421
6537 8421
6537 7488
6546 7488
6546 8421
6549 8421
6549 7488
6558 7488
6558 8421
6561 8421
6561 7488
6570 7488
6570 8421
6573 8421
6573 7488
6582 7488
6582 8421
6585 8421
6585 7488
6594 7488
6594 8421
6597 8421
6597 7488
6606 7488
6606 8421
6609 8421
6609 7488
6618 7488
6618 8421
6621 8421
6621 7488
6630 7488
6630 8421
6633 8421
6633 7488
6642 7488
6642 8421
6645 8421
6645 7488
6654 7488
6654 8421
6657 8421
6657 7488
6666 7488
6666 8421
6669 8421
6669 7488
6678 7488
6678 8421
6681 8421
6681 7488
6690 7488
6690 8421
6693 8421
6693 7488
6702 7488
6702 8421
6705 8421
6705 7488
6714 7488
6714 8421
6717 8421
6717 7488
6726 7488
6726 8421
6729 8421
6729 7488
6738 7488
6738 8421
6741 8421
6741 7488
6750 7488
6750 8421
6753 8421
6753 7488
6762 7488
6762 8421
6765 8421
6765 7488
6774 7488
6774 8421
6777 8421
6777 7488
6786 7488
6786 8421
6789 8421
6789 7488
6798 7488
6798 8421
6801 8421
6801 7488
6810 7488
6810 8421
6813 8421
6813 7488
6822 7488
6822 8421
6825 8421
6825 7488
6834 7488
6834 8421
6837 8421
6837 7488
6846 7488
6846 8421
6849 8421
6849 7488
6858 7488
6858 8421
6861 8421
6861 7488
6870 7488
6870 8421
6873 8421
6873 7488
6882 7488
6882 8421
6885 8421
6885 7488
6894 7488
6894 8421
6897 8421
6897 7488
6906 7488
6906 8421
6909 8421
6909 7488
6918 7488
6918 8421
6921 8421
6921 7488
6930 7488
6930 8421
6933 8421
6933 7488
6942 7488
6942 8421
6945 8421
6945 7488
6954 7488
6954 8421
6957 8421
6957 7488
6966 7488
6966 8421
6969 8421
6969 7488
6978 7488
6978 8421
6981 8421
6981 7488
6990 7488
6990 8421
6993 8421
6993 7488
7002 7488
7002 8421
7005 8421
7005 7488
7014 7488
7014 8421
7017 8421
7017 7488
7026 7488
7026 8421
7029 8421
7029 7488
7038 7488
7038 8421
7041 8421
7041 7488
7050 7488
7050 8421
7053 8421
7053 7488
7062 7488
7062 8421
7065 8421
7065 7488
7074 7488
7074 8421
7077 8421
7077 7488
7086 7488
7086 8421
7089 8421
7089 7488
7098 7488
7098 8421
7101 8421
7101 7488
7110 7488
7110 8421
7113 8421
7113 7488
7122 7488
7122 8421
7125 8421
7125 7488
7134 7488
7134 8421
7137 8421
7137 7488
7146 7488
7146 8421
7149 8421
7149 7488
7158 7488
7158 8421
7161 8421
7161 7488
7170 7488
7170 8421
7173 8421
7173 7488
7182 7488
7182 8421
7185 8421
7185 7488
7194 7488
7194 8421
7197 8421
7197 7488
7206 7488
7206 8421
7209 8421
7209 7488
7218 7488
7218 8421
7221 8421
7221 7488
7230 7488
7230 8421
7233 8421
7233 7488
7242 7488
7242 8421
7245 8421
7245 7488
7254 7488
7254 8421
7257 8421
7257 7488
7266 7488
7266 8421
7269 8421
7269 7488
7278 7488
7278 8421
7281 8421
7281 7488
7290 7488
7290 8421
7293 8421
7293 7488
7302 7488
7302 8421
7305 8421
7305 7488
7314 7488
7314 8421
7317 8421
7317 7488
7326 7488
7326 8421
7329 8421
7329 7488
7338 7488
7338 8421
7341 8421
7341 7488
7350 7488
7350 8421
7353 8421
7353 7488
7362 7488
7362 8421
7365 8421
7365 7488
7374 7488
7374 8421
7377 8421
7377 7488
7386 7488
7386 8421
7389 8421
7389 7488
7398 7488
7398 8421
7401 8421
7401 7488
7410 7488
7410 8421
7413 8421
7413 7488
7422 7488
7422 8421
7425 8421
7425 7488
7434 7488
7434 8421
7437 8421
7437 7488
7446 7488
7446 8421
7449 8421
7449 7488
7458 7488
7458 8421
7461 8421
7461 7488
7470 7488
7470 8421
7473 8421
7473 7488
7482 7488
7482 8421
7485 8421
7485 7488
7497 7488
7497 9354
7491 9354
7491 8421
7488 8421
7488 9354
7479 9354
7479 8421
7476 8421
7476 9354
7467 9354
7467 8421
7464 8421
7464 9354
7455 9354
7455 8421
7452 8421
7452 9354
7443 9354
7443 8421
7440 8421
7440 9354
7431 9354
7431 8421
7428 8421
7428 9354
7419 9354
7419 8421
7416 8421
7416 9354
7407 9354
7407 8421
7404 8421
7404 9354
7395 9354
7395 8421
7392 8421
7392 9354
7383 9354
7383 8421
7380 8421
7380 9354
7371 9354
7371 8421
7368 8421
7368 9354
7359 9354
7359 8421
7356 8421
7356 9354
7347 9354
7347 8421
7344 8421
7344 9354
7335 9354
7335 8421
7332 8421
7332 9354
7323 9354
7323 8421
7320 8421
7320 9354
7311 9354
7311 8421
7308 8421
7308 9354
7299 9354
7299 8421
7296 8421
7296 9354
7287 9354
7287 8421
7284 8421
7284 9354
7275 9354
7275 8421
7272 8421
7272 9354
7263 9354
7263 8421
7260 8421
7260 9354
7251 9354
7251 8421
7248 8421
7248 9354
7239 9354
7239 8421
7236 8421
7236 9354
7227 9354
7227 8421
7224 8421
7224 9354
7215 9354
7215 8421
7212 8421
7212 9354
7203 9354
7203 8421
7200 8421
7200 9354
7191 9354
7191 8421
7188 8421
7188 9354
7179 9354
7179 8421
7176 8421
7176 9354
7167 9354
7167 8421
7164 8421
7164 9354
7155 9354
7155 8421
7152 8421
7152 9354
7143 9354
7143 8421
7140 8421
7140 9354
7131 9354
7131 8421
7128 8421
7128 9354
7119 9354
7119 8421
7116 8421
7116 9354
7107 9354
7107 8421
7104 8421
7104 9354
7095 9354
7095 8421
7092 8421
7092 9354
7083 9354
7083 8421
7080 8421
7080 9354
7071 9354
7071 8421
7068 8421
7068 9354
7059 9354
7059 8421
7056 8421
7056 9354
7047 9354
7047 8421
7044 8421
7044 9354
7035 9354
7035 8421
7032 8421
7032 9354
7023 9354
7023 8421
7020 8421
7020 9354
7011 9354
7011 8421
7008 8421
7008 9354
6999 9354
6999 8421
6996 8421
6996 9354
6987 9354
6987 8421
6984 8421
6984 9354
6975 9354
6975 8421
6972 8421
6972 9354
6963 9354
6963 8421
6960 8421
6960 9354
6951 9354
6951 8421
6948 8421
6948 9354
6939 9354
6939 8421
6936 8421
6936 9354
6927 9354
6927 8421
6924 8421
6924 9354
6915 9354
6915 8421
6912 8421
6912 9354
6903 9354
6903 8421
6900 8421
6900 9354
6891 9354
6891 8421
6888 8421
6888 9354
6879 9354
6879 8421
6876 8421
6876 9354
6867 9354
6867 8421
6864 8421
6864 9354
6855 9354
6855 8421
6852 8421
6852 9354
6843 9354
6843 8421
6840 8421
6840 9354
6831 9354
6831 8421
6828 8421
6828 9354
6819 9354
6819 8421
6816 8421
6816 9354
6807 9354
6807 8421
6804 8421
6804 9354
6795 9354
6795 8421
6792 8421
6792 9354
6783 9354
6783 8421
6780 8421
6780 9354
6771 9354
6771 8421
6768 8421
6768 9354
6759 9354
6759 8421
6756 8421
6756 9354
6747 9354
6747 8421
6744 8421
6744 9354
6735 9354
6735 8421
6732 8421
6732 9354
6723 9354
6723 8421
6720 8421
6720 9354
6711 9354
6711 8421
6708 8421
6708 9354
6699 9354
6699 8421
6696 8421
6696 9354
6687 9354
6687 8421
6684 8421
6684 9354
6675 9354
6675 8421
6672 8421
6672 9354
6663 9354
6663 8421
6660 8421
6660 9354
6651 9354
6651 8421
6648 8421
6648 9354
6639 9354
6639 8421
6636 8421
6636 9354
6627 9354
6627 8421
6624 8421
6624 9354
6615 9354
6615 8421
6612 8421
6612 9354
6603 9354
6603 8421
6600 8421
6600 9354
6591 9354
6591 8421
6588 8421
6588 9354
6579 9354
6579 8421
6576 8421
6576 9354
6567 9354
6567 8421
6564 8421
6564 9354
6555 9354
6555 8421
6552 8421
6552 9354
6543 9354
6543 8421
6540 8421
6540 9354
6531 9354
6531 8421
6528 8421
6528 9354
6519 9354
6519 8421
6516 8421
6516 9354
6507 9354
6507 8421
6504 8421
6504 9354
6495 9354
6495 8421
6492 8421
6492 9354
6483 9354
6483 8421
6480 8421
6480 9354
6471 9354
6471 8421
6468 8421
6468 9354
6459 9354
6459 8421
6456 8421
6456 9354
6447 9354
6447 8421
6444 8421
6444 9354
6435 9354
6435 8421
6432 8421
6432 9354
6423 9354
6423 8421
6420 8421
6420 9354
6411 9354
6411 8421
6408 8421
6408 9354
6399 9354
6399 8421
6396 8421
6396 9354
6387 9354
6387 8421
6384 8421
6384 9354
6375 9354
6375 8421
6372 8421
6372 9354
6363 9354
6363 8421
6360 8421
6360 9354
6351 9354
6351 8421
6348 8421
6348 9354
6339 9354
6339 8421
6336 8421
6336 9354
6327 9354
6327 8421
6324 8421
6324 9354
6315 9354
6315 8421
6312 8421
6312 9354
6303 9354
6303 8421
6300 8421
6300 9354
6291 9354
6291 8421
6288 8421
6288 9354
6279 9354
6279 8421
6276 8421
6276 9354
6267 9354
6267 8421
6264 8421
6264 9354
6255 9354
6255 8421
6252 8421
6252 9354
6243 9354
6243 8421
6240 8421
6240 9354
6231 9354
6231 8421
6228 8421
6228 9354
6219 9354
6219 8421
6216 8421
6216 9354
6207 9354
6207 8421
6204 8421
6204 9354
6195 9354
6195 8421
6192 8421
6192 9354
6183 9354
6183 8421
6180 8421
6180 9354
6171 9354
6171 8421
6168 8421
6168 9354
6159 9354
6159 8421
6156 8421
6156 9354
6147 9354
6147 8421
6144 8421
6144 9354
6135 9354
6135 8421
6132 8421
6132 9354
6123 9354
6123 8421
6120 8421
6120 9354
6111 9354
6111 8421
6108 8421
6108 9354
6099 9354
6099 8421
6096 8421
6096 9354
6087 9354
6087 8421
6084 8421
6084 9354
6075 9354
6075 8421
6072 8421
6072 9354
6063 9354
6063 8421
6060 8421
6060 9354
6051 9354
6051 8421
6048 8421
6048 9354
6039 9354
6039 8421
6036 8421
6036 9354
6027 9354
6027 8421
6024 8421
6024 9354
6015 9354
6015 8421
6012 8421
6012 9354
6003 9354
6003 8421
6000 8421
6000 9354
5991 9354
5991 8421
5988 8421
5988 9354
5979 9354
5979 8421
5976 8421
5976 9354
5967 9354
5967 8421
5964 8421
5964 9354
5955 9354
5955 8421
5952 8421
5952 9354
5943 9354
5943 8421
5940 8421
5940 9354
5931 9354
5931 8421
5928 8421
5928 9354
5919 9354
5919 8421
5916 8421
5916 9354
5907 9354
5907 8421
5904 8421
5904 9354
5895 9354
5895 8421
5892 8421
5892 9354
5883 9354
5883 8421
5880 8421
5880 9354
5871 9354
5871 8421
5868 8421
5868 9354
5859 9354
5859 8421
5856 8421
5856 9354
5847 9354
5847 8421
5844 8421
5844 9354
5835 9354
5835 8421
5832 8421
5832 9354
5823 9354
5823 8421
5820 8421
5820 9354
5811 9354
5811 8421
5808 8421
5808 9354
5799 9354
5799 8421
5796 8421
5796 9354
5787 9354
5787 8421
5784 8421
5784 9354
5775 9354
5775 8421
5772 8421
5772 9354
5763 9354
5763 8421
5760 8421
5760 9354
5751 9354
5751 8421
5748 8421
5748 9354
5739 9354
5739 8421
5736 8421
5736 9354
5727 9354
5727 8421
5724 8421
5724 9354
5715 9354
5715 8421
5712 8421
5712 9354
5703 9354
5703 8421
5700 8421
5700 9354
5691 9354
5691 8421
5688 8421
5688 9354
5679 9354
5679 8421
5676 8421
5676 9354
5667 9354
5667 8421
5664 8421
5664 9354
5655 9354
5655 8421
5652 8421
5652 9354
5643 9354
5643 8421
5640 8421
5640 9354
5631 9354
5631 8421
5628 8421
5628 9354
5619 9354
5619 8421
5616 8421
5616 9354
5607 9354
5607 8421
5604 8421
5604 9354
5595 9354
5595 8421
5592 8421
5592 9354
5583 9354
5583 8421
5580 8421
5580 9354
5571 9354
5571 8421
5568 8421
5568 9354
5559 9354
5559 8421
5556 8421
5556 9354
5547 9354
5547 8421
5544 8421
5544 9354
5535 9354
5535 8421
5532 8421
5532 9354
5523 9354
5523 8421
5520 8421
5520 9354
5511 9354
5511 8421
5508 8421
5508 9354
5499 9354
5499 8421
5496 8421
5496 9354
5487 9354
5487 8421
5484 8421
5484 9354
5475 9354
5475 8421
5472 8421
5472 9354
5463 9354
5463 8421
5460 8421
5460 9354
5451 9354
5451 8421
5448 8421
5448 9354
5439 9354
5439 8421
5436 8421
5436 9354
5427 9354
5427 8421
5424 8421
5424 9354
5415 9354
5415 8421
5412 8421
5412 9354
5403 9354
5403 8421
5400 8421
5400 9354
5391 9354
5391 8421
5388 8421
5388 9354
5379 9354
5379 8421
5376 8421
5376 9354
5367 9354
5367 8421
5364 8421
5364 9354
5355 9354
5355 8421
5352 8421
5352 9354
5343 9354
5343 8421
5340 8421
5340 9354
5331 9354
5331 8421
5328 8421
5328 9354
5319 9354
5319 8421
5316 8421
5316 9354
5307 9354
5307 8421
5304 8421
5304 9354
5295 9354
5295 8421
5292 8421
5292 9354
5283 9354
5283 8421
5280 8421
5280 9354
5271 9354
5271 8421
5268 8421
5268 9354
5259 9354
5259 8421
5256 8421
5256 9354
5247 9354
5247 8421
5244 8421
5244 9354
5235 9354
5235 8421
5232 8421
5232 9354
5223 9354
5223 8421
5220 8421
5220 9354
5211 9354
5211 8421
5208 8421
5208 9354
5199 9354
5199 8421
5196 8421
5196 9354
5187 9354
5187 8421
5184 8421
5184 9354
5175 9354
5175 8421
5172 8421
5172 9354
5163 9354
5163 8421
5160 8421
5160 9354
5151 9354
5151 8421
5148 8421
5148 9354
5139 9354
5139 8421
5136 8421
5136 9354
5127 9354
5127 8421
5124 8421
5124 9354
5115 9354
5115 8421
5112 8421
5112 9354
5103 9354
5103 8421
5100 8421
5100 9354
5091 9354
5091 8421
5088 8421
5088 9354
5079 9354
5079 8421
5076 8421
5076 9354
5067 9354
5067 8421
5064 8421
5064 9354
5055 9354
5055 8421
5052 8421
5052 9354
5043 9354
5043 8421
5040 8421
5040 9354
5031 9354
5031 8421
5028 8421
5028 9354
5019 9354
5019 8421
5016 8421
5016 9354
5007 9354
5007 8421
5004 8421
5004 9354
4995 9354
4995 8421
4992 8421
4992 9354
4983 9354
4983 8421
4980 8421
4980 9354
4971 9354
4971 8421
4968 8421
4968 9354
4959 9354
4959 8421
4956 8421
4956 9354
4947 9354
4947 8421
4944 8421
4944 9354
4935 9354
4935 8421
4932 8421
4932 9354
4923 9354
4923 8421
4920 8421
4920 9354
4911 9354
4911 8421
4908 8421
4908 9354
4899 9354
4899 8421
4896 8421
4896 9354
4887 9354
4887 8421
4884 8421
4884 9354
4875 9354
4875 8421
4872 8421
4872 9354
4863 9354
4863 8421
4860 8421
4860 9354
4851 9354
4851 8421
4848 8421
4848 9354
4839 9354
4839 8421
4836 8421
4836 9354
4827 9354
4827 8421
4824 8421
4824 9354
4815 9354
4815 8421
4812 8421
4812 9354
4803 9354
4803 8421
4800 8421
4800 9354
4791 9354
4791 8421
4788 8421
4788 9354
4779 9354
4779 8421
4776 8421
4776 9354
4767 9354
4767 8421
4764 8421
4764 9354
4755 9354
4755 8421
4752 8421
4752 9354
4743 9354
4743 8421
4740 8421
4740 9354
4731 9354
4731 8421
4728 8421
4728 9354
4719 9354
4719 8421
4716 8421
4716 9354
4707 9354
4707 8421
4704 8421
4704 9354
4695 9354
4695 8421
4692 8421
4692 9354
4683 9354
4683 8421
4680 8421
4680 9354
4671 9354
4671 8421
4668 8421
4668 9354
4659 9354
4659 8421
4656 8421
4656 9354
4647 9354
4647 8421
4644 8421
4644 9354
4635 9354
4635 8421
4632 8421
4632 9354
4623 9354
4623 8421
4620 8421
4620 9354
4611 9354
4611 8421
4608 8421
4608 9354
4599 9354
4599 8421
4596 8421
4596 9354
4587 9354
4587 8421
4584 8421
4584 9354
4575 9354
4575 8421
4572 8421
4572 9354
4563 9354
4563 8421
4560 8421
4560 9354
4551 9354
4551 8421
4548 8421
4548 9354
4539 9354
4539 8421
4536 8421
4536 9354
4527 9354
4527 8421
4524 8421
4524 9354
4515 9354
4515 8421
4512 8421
4512 9354
4503 9354
4503 8421
4500 8421
4500 9354
4491 9354
4491 8421
4488 8421
4488 9354
4479 9354
4479 8421
4476 8421
4476 9354
4467 9354
4467 8421
4464 8421
4464 9354
4455 9354
4455 8421
4452 8421
4452 9354
4443 9354
4443 8421
4440 8421
4440 9354
4431 9354
4431 8421
4428 8421
4428 9354
4419 9354
4419 8421
4416 8421
4416 9354
4407 9354
4407 8421
4404 8421
4404 9354
4395 9354
4395 8421
4392 8421
4392 9354
4383 9354
4383 8421
4380 8421
4380 9354
4371 9354
4371 8421
4368 8421
4368 9354
4359 9354
4359 8421
4356 8421
4356 9354
4347 9354
4347 8421
4344 8421
4344 9354
4335 9354
4335 8421
4332 8421
4332 9354
4323 9354
4323 8421
4320 8421
4320 9354
4311 9354
4311 8421
4308 8421
4308 9354
4299 9354
4299 8421
4296 8421
4296 9354
4287 9354
4287 8421
4284 8421
4284 9354
4275 9354
4275 8421
4272 8421
4272 9354
4263 9354
4263 8421
4260 8421
4260 9354
4251 9354
4251 8421
4248 8421
4248 9354
4239 9354
4239 8421
4236 8421
4236 9354
4227 9354
4227 8421
4224 8421
4224 9354
4215 9354
4215 8421
4212 8421
4212 9354
4203 9354
4203 8421
4200 8421
4200 9354
4191 9354
4191 8421
4188 8421
4188 9354
4179 9354
4179 8421
4176 8421
4176 9354
4167 9354
4167 8421
4164 8421
4164 9354
4155 9354
4155 8421
4152 8421
4152 9354
4143 9354
4143 8421
4140 8421
4140 9354
4131 9354
4131 8421
4128 8421
4128 9354
4119 9354
4119 8421
4116 8421
4116 9354
4107 9354
4107 8421
4104 8421
4104 9354
4095 9354
4095 8421
4092 8421
4092 9354
4083 9354
4083 8421
4080 8421
4080 9354
4071 9354
4071 8421
4068 8421
4068 9354
4059 9354
4059 8421
4056 8421
4056 9354
4047 9354
4047 8421
4044 8421
4044 9354
4035 9354
4035 8421
4032 8421
4032 9354
4023 9354
4023 8421
4020 8421
4020 9354
4011 9354
4011 8421
4008 8421
4008 9354
3999 9354
3999 8421
3996 8421
3996 9354
3987 9354
3987 8421
3984 8421
3984 9354
3975 9354
3975 8421
3972 8421
3972 9354
3963 9354
3963 8421
3960 8421
3960 9354
3951 9354
3951 8421
3948 8421
3948 9354
3939 9354
3939 8421
3936 8421
3936 9354
3927 9354
3927 8421
3924 8421
3924 9354
3915 9354
3915 8421
3912 8421
3912 9354
3903 9354
3903 8421
3900 8421
3900 9354
3891 9354
3891 8421
3888 8421
3888 9354
3879 9354
3879 8421
3876 8421
3876 9354
3867 9354
3867 8421
3864 8421
3864 9354
3855 9354
3855 8421
3852 8421
3852 9354
3843 9354
3843 8421
3840 8421
3840 9354
3831 9354
3831 8421
3828 8421
3828 9354
3819 9354
3819 8421
3816 8421
3816 9354
3807 9354
3807 8421
3804 8421
3804 9354
3795 9354
3795 8421
3792 8421
3792 9354
3783 9354
3783 8421
3780 8421
3780 9354
3771 9354
3771 8421
3768 8421
3768 9354
3759 9354
3759 8421
3756 8421
3756 9354
3747 9354
3747 9351
3744 9351
3744 9354
3735 9354
3735 9348
3732 9348
3732 9354
3723 9354
3723 9345
3720 9345
3720 9354
3711 9354
3711 9342
3708 9342
3708 9354
3699 9354
3699 9339
3696 9339
3696 9354
3687 9354
3687 9336
3684 9336
3684 9354
3675 9354
3675 9333
3672 9333
3672 9354
3663 9354
3663 9330
3660 9330
3660 9354
3651 9354
3651 9327
3648 9327
3648 9354
3639 9354
3639 9324
3636 9324
3636 9354
3627 9354
3627 9321
3624 9321
3624 9354
3615 9354
3615 9318
3612 9318
3612 9354
3603 9354
3603 9315
3600 9315
3600 9354
3591 9354
3591 9312
3588 9312
3588 9354
3579 9354
3579 9309
3576 9309
3576 9354
3567 9354
3567 9306
3564 9306
3564 9354
3555 9354
3555 9303
3552 9303
3552 9354
3543 9354
3543 9300
3540 9300
3540 9354
3531 9354
3531 9297
3528 9297
3528 9354
3519 9354
3519 9294
3516 9294
3516 9354
3507 9354
3507 9291
3504 9291
3504 9354
3495 9354
3495 9288
3492 9288
3492 9354
3483 9354
3483 9285
3480 9285
3480 9354
3471 9354
3471 9282
3468 9282
3468 9354
3459 9354
3459 9279
3456 9279
3456 9354
3447 9354
3447 9276
3444 9276
3444 9354
3435 9354
3435 9273
3432 9273
3432 9354
3423 9354
3423 9270
3420 9270
3420 9354
3411 9354
3411 9267
3408 9267
3408 9354
3399 9354
3399 9264
3396 9264
3396 9354
3387 9354
3387 9261
3384 9261
3384 9354
3375 9354
3375 9258
3372 9258
3372 9354
3363 9354
3363 9255
3360 9255
3360 9354
3351 9354
3351 9252
3348 9252
3348 9354
3339 9354
3339 9249
3336 9249
3336 9354
3327 9354
3327 9246
3324 9246
3324 9354
3315 9354
3315 9243
3312 9243
3312 9354
3303 9354
3303 9240
3300 9240
3300 9354
3291 9354
3291 9237
3288 9237
3288 9354
3279 9354
3279 9234
3276 9234
3276 9354
3267 9354
3267 9231
3264 9231
3264 9354
3255 9354
3255 9228
3252 9228
3252 9354
3243 9354
3243 9225
3240 9225
3240 9354
3231 9354
3231 9222
3228 9222
3228 9354
3219 9354
3219 9219
3216 9219
3216 9354
3207 9354
3207 9216
3204 9216
3204 9354
3195 9354
3195 9213
3192 9213
3192 9354
3183 9354
3183 9210
3180 9210
3180 9354
3171 9354
3171 9207
3168 9207
3168 9354
3159 9354
3159 9204
3156 9204
3156 9354
3147 9354
3147 9201
3144 9201
3144 9354
3135 9354
3135 9198
3132 9198
3132 9354
3123 9354
3123 9195
3120 9195
3120 9354
3111 9354
3111 9192
3108 9192
3108 9354
3099 9354
3099 9189
3096 9189
3096 9354
3087 9354
3087 9186
3084 9186
3084 9354
3075 9354
3075 9183
3072 9183
3072 9354
3063 9354
3063 9180
3060 9180
3060 9354
3051 9354
3051 9177
3048 9177
3048 9354
3039 9354
3039 9174
3036 9174
3036 9354
3027 9354
3027 9171
3024 9171
3024 9354
3015 9354
3015 9168
3012 9168
3012 9354
3003 9354
3003 9165
3000 9165
3000 9354
2991 9354
2991 9162
2988 9162
2988 9354
2979 9354
2979 9159
2976 9159
2976 9354
2967 9354
2967 9156
2964 9156
2964 9354
2955 9354
2955 9153
2952 9153
2952 9354
2943 9354
2943 9150
2940 9150
2940 9354
2931 9354
2931 9147
2928 9147
2928 9354
2919 9354
2919 9144
2916 9144
2916 9354
2907 9354
2907 9141
2904 9141
2904 9354
2895 9354
2895 9138
2892 9138
2892 9354
2883 9354
2883 9135
2880 9135
2880 9354
2871 9354
2871 9132
2868 9132
2868 9354
2859 9354
2859 9129
2856 9129
2856 9354
2847 9354
2847 9126
2844 9126
2844 9354
2835 9354
2835 9123
2832 9123
2832 9354
2823 9354
2823 9120
2820 9120
2820 9354
2811 9354
2811 9117
2808 9117
2808 9354
2799 9354
2799 9114
2796 9114
2796 9354
2787 9354
2787 9111
2784 9111
2784 9354
2775 9354
2775 9108
2772 9108
2772 9354
2763 9354
2763 9105
2760 9105
2760 9354
2751 9354
2751 9102
2748 9102
2748 9354
2739 9354
2739 9099
2736 9099
2736 9354
2727 9354
2727 9096
2724 9096
2724 9354
2715 9354
2715 9093
2712 9093
2712 9354
2703 9354
2703 9090
2700 9090
2700 9354
2691 9354
2691 9087
2688 9087
2688 9354
2679 9354
2679 9084
2676 9084
2676 9354
2667 9354
2667 9081
2664 9081
2664 9354
2655 9354
2655 9078
2652 9078
2652 9354
2643 9354
2643 9075
2640 9075
2640 9354
2631 9354
2631 9072
2628 9072
2628 9354
2619 9354
2619 9069
2616 9069
2616 9354
2607 9354
2607 9066
2604 9066
2604 9354
2595 9354
2595 9063
2592 9063
2592 9354
2583 9354
2583 9060
2580 9060
2580 9354
2571 9354
2571 9057
2568 9057
2568 9354
2559 9354
2559 9054
2556 9054
2556 9354
2547 9354
2547 9051
2544 9051
2544 9354
2535 9354
2535 9048
2532 9048
2532 9354
2523 9354
2523 9045
2520 9045
2520 9354
2511 9354
2511 9042
2508 9042
2508 9354
2499 9354
2499 9039
2496 9039
2496 9354
2487 9354
2487 9036
2484 9036
2484 9354
2475 9354
2475 9033
2472 9033
2472 9354
2463 9354
2463 9030
2460 9030
2460 9354
2451 9354
2451 9027
2448 9027
2448 9354
2439 9354
2439 9024
2436 9024
2436 9354
2427 9354
2427 9021
2424 9021
2424 9354
2415 9354
2415 9018
2412 9018
2412 9354
2403 9354
2403 9015
2400 9015
2400 9354
2391 9354
2391 9012
2388 9012
2388 9354
2379 9354
2379 9009
2376 9009
2376 9354
2367 9354
2367 9006
2364 9006
2364 9354
2355 9354
2355 9003
2352 9003
2352 9354
2343 9354
2343 9000
2340 9000
2340 9354
2331 9354
2331 8997
2328 8997
2328 9354
2319 9354
2319 8994
2316 8994
2316 9354
2307 9354
2307 8991
2304 8991
2304 9354
2295 9354
2295 8988
2292 8988
2292 9354
2283 9354
2283 8985
2280 8985
2280 9354
2271 9354
2271 8982
2268 8982
2268 9354
2259 9354
2259 8979
2256 8979
2256 9354
2247 9354
2247 8976
2244 8976
2244 9354
2235 9354
2235 8973
2232 8973
2232 9354
2223 9354
2223 8970
2220 8970
2220 9354
2211 9354
2211 8967
2208 8967
2208 9354
2199 9354
2199 8964
2196 8964
2196 9354
2187 9354
2187 8961
2184 8961
2184 9354
2175 9354
2175 8958
2172 8958
2172 9354
2163 9354
2163 8955
2160 8955
2160 9354
2151 9354
2151 8952
2148 8952
2148 9354
2139 9354
2139 8949
2136 8949
2136 9354
2127 9354
2127 8946
2124 8946
2124 9354
2115 9354
2115 8943
2112 8943
2112 9354
2103 9354
2103 8940
2100 8940
2100 9354
2091 9354
2091 8937
2088 8937
2088 9354
2079 9354
2079 8934
2076 8934
2076 9354
2067 9354
2067 8931
2064 8931
2064 9354
2055 9354
2055 8928
2052 8928
2052 9354
2043 9354
2043 8925
2040 8925
2040 9354
2031 9354
2031 8922
2028 8922
2028 9354
2019 9354
2019 8919
2016 8919
2016 9354
2007 9354
2007 8916
2004 8916
2004 9354
1995 9354
1995 8913
1992 8913
1992 9354
1983 9354
1983 8910
1980 8910
1980 9354
1971 9354
1971 8907
1968 8907
1968 9354
1959 9354
1959 8904
1956 8904
1956 9354
1947 9354
1947 8901
1944 8901
1944 9354
1935 9354
1935 8898
1932 8898
1932 9354
1923 9354
1923 8895
1920 8895
1920 9354
1911 9354
1911 8892
1908 8892
1908 9354
1899 9354
1899 8889
1896 8889
1896 9354
1887 9354
1887 8886
1884 8886
1884 9354
1875 9354
1875 8883
1872 8883
1872 9354
1863 9354
1863 8880
1860 8880
1860 9354
1851 9354
1851 8877
1848 8877
1848 9354
1839 9354
1839 8874
1836 8874
1836 9354
1827 9354
1827 8871
1824 8871
1824 9354
1815 9354
1815 8868
1812 8868
1812 9354
1803 9354
1803 8865
1800 8865
1800 9354
1791 9354
1791 8862
1788 8862
1788 9354
1779 9354
1779 8859
1776 8859
1776 9354
1767 9354
1767 8856
1764 8856
1764 9354
1755 9354
1755 8853
1752 8853
1752 9354
1743 9354
1743 8850
1740 8850
1740 9354
1731 9354
1731 8847
1728 8847
1728 9354
1719 9354
1719 8844
1716 8844
1716 9354
1707 9354
1707 8841
1704 8841
1704 9354
1695 9354
1695 8838
1692 8838
1692 9354
1683 9354
1683 8835
1680 8835
1680 9354
1671 9354
1671 8832
1668 8832
1668 9354
1659 9354
1659 8829
1656 8829
1656 9354
1647 9354
1647 8826
1644 8826
1644 9354
1635 9354
1635 8823
1632 8823
1632 9354
1623 9354
1623 8820
1620 8820
1620 9354
1611 9354
1611 8817
1608 8817
1608 9354
1599 9354
1599 8814
1596 8814
1596 9354
1587 9354
1587 8811
1584 8811
1584 9354
1575 9354
1575 8808
1572 8808
1572 9354
1563 9354
1563 8805
1560 8805
1560 9354
1551 9354
1551 8802
1548 8802
1548 9354
1539 9354
1539 8799
1536 8799
1536 9354
1527 9354
1527 8796
1524 8796
1524 9354
1515 9354
1515 8793
1512 8793
1512 9354
1503 9354
1503 8790
1500 8790
1500 9354
1491 9354
1491 8787
1488 8787
1488 9354
1479 9354
1479 8784
1476 8784
1476 9354
1467 9354
1467 8781
1464 8781
1464 9354
1455 9354
1455 8778
1452 8778
1452 9354
1443 9354
1443 8775
1440 8775
1440 9354
1431 9354
1431 8772
1428 8772
1428 9354
1419 9354
1419 8769
1416 8769
1416 9354
1407 9354
1407 8766
1404 8766
1404 9354
1395 9354
1395 8763
1392 8763
1392 9354
1383 9354
1383 8760
1380 8760
1380 9354
1371 9354
1371 8757
1368 8757
1368 9354
1359 9354
1359 8754
1356 8754
1356 9354
1347 9354
1347 8751
1344 8751
1344 9354
1335 9354
1335 8748
1332 8748
1332 9354
1323 9354
1323 8745
1320 8745
1320 9354
1311 9354
1311 8742
1308 8742
1308 9354
1299 9354
1299 8739
1296 8739
1296 9354
1287 9354
1287 8736
1284 8736
1284 9354
1275 9354
1275 8733
1272 8733
1272 9354
1263 9354
1263 8730
1260 8730
1260 9354
1251 9354
1251 8727
1248 8727
1248 9354
1239 9354
1239 8724
1236 8724
1236 9354
1227 9354
1227 8721
1224 8721
1224 9354
1215 9354
1215 8718
1212 8718
1212 9354
1203 9354
1203 8715
1200 8715
1200 9354
1191 9354
1191 8712
1188 8712
1188 9354
1179 9354
1179 8709
1176 8709
1176 9354
1167 9354
1167 8706
1164 8706
1164 9354
1155 9354
1155 8703
1152 8703
1152 9354
1143 9354
1143 8700
1140 8700
1140 9354
1131 9354
1131 8697
1128 8697
1128 9354
1119 9354
1119 8694
1116 8694
1116 9354
1107 9354
1107 8691
1104 8691
1104 9354
1095 9354
1095 8688
1092 8688
1092 9354
1083 9354
1083 8685
1080 8685
1080 9354
1071 9354
1071 8682
1068 8682
1068 9354
1059 9354
1059 8679
1056 8679
1056 9354
1047 9354
1047 8676
1044 8676
1044 9354
1035 9354
1035 8673
1032 8673
1032 9354
1023 9354
1023 8670
1020 8670
1020 9354
1011 9354
1011 8667
1008 8667
1008 9354
999 9354
999 8664
996 8664
996 9354
987 9354
987 8661
984 8661
984 9354
975 9354
975 8658
972 8658
972 9354
963 9354
963 8655
960 8655
960 9354
951 9354
951 8652
948 8652
948 9354
939 9354
939 8649
936 8649
936 9354
927 9354
927 8646
924 8646
924 9354
915 9354
915 8643
912 8643
912 9354
903 9354
903 8640
900 8640
900 9354
891 9354
891 8637
888 8637
888 9354
879 9354
879 8634
876 8634
876 9354
867 9354
867 8631
864 8631
864 9354
855 9354
855 8628
852 8628
852 9354
843 9354
843 8625
840 8625
840 9354
831 9354
831 8622
828 8622
828 9354
819 9354
819 8619
816 8619
816 9354
807 9354
807 8616
804 8616
804 9354
795 9354
795 8613
792 8613
792 9354
783 9354
783 8610
780 8610
780 9354
771 9354
771 8607
768 8607
768 9354
759 9354
759 8604
756 8604
756 9354
747 9354
747 8601
744 8601
744 9354
735 9354
735 8598
732 8598
732 9354
723 9354
723 8595
720 8595
720 9354
711 9354
711 8592
708 8592
708 9354
699 9354
699 8589
696 8589
696 9354
687 9354
687 8586
684 8586
684 9354
675 9354
675 8583
672 8583
672 9354
663 9354
663 8580
660 8580
660 9354
651 9354
651 8577
648 8577
648 9354
639 9354
639 8574
636 8574
636 9354
627 9354
627 8571
624 8571
624 9354
615 9354
615 8568
612 8568
612 9354
603 9354
603 8565
600 8565
600 9354
591 9354
591 8562
588 8562
588 9354
579 9354
579 8559
576 8559
576 9354
567 9354
567 8556
564 8556
564 9354
555 9354
555 8553
552 8553
552 9354
543 9354
543 8550
540 8550
540 9354
531 9354
531 8547
528 8547
528 9354
519 9354
519 8544
516 8544
516 9354
507 9354
507 8541
504 8541
504 9354
495 9354
495 8538
492 8538
492 9354
483 9354
483 8535
480 8535
480 9354
471 9354
471 8532
468 8532
468 9354
459 9354
459 8529
456 8529
456 9354
447 9354
447 8526
444 8526
444 9354
435 9354
435 8523
432 8523
432 9354
423 9354
423 8520
420 8520
420 9354
411 9354
411 8517
408 8517
408 9354
399 9354
399 8514
396 8514
396 9354
387 9354
387 8511
384 8511
384 9354
375 9354
375 8508
372 8508
372 9354
363 9354
363 8505
360 8505
360 9354
351 9354
351 8502
348 8502
348 9354
339 9354
339 8499
336 8499
336 9354
327 9354
327 8496
324 8496
324 9354
315 9354
315 8493
312 8493
312 9354
303 9354
303 8490
300 8490
300 9354
291 9354
291 8487
288 8487
288 9354
279 9354
279 8484
276 8484
276 9354
267 9354
267 8481
264 8481
264 9354
255 9354
255 8478
252 8478
252 9354
243 9354
243 8475
240 8475
240 9354
231 9354
231 8472
228 8472
228 9354
219 9354
219 8469
216 8469
216 9354
207 9354
207 8466
204 8466
204 9354
195 9354
195 8463
192 8463
192 9354
183 9354
183 8460
180 8460
180 9354
171 9354
171 8457
168 8457
168 9354
159 9354
159 8454
156 8454
156 9354
147 9354
147 8451
144 8451
144 9354
135 9354
135 8448
132 8448
132 9354
123 9354
123 8445
120 8445
120 9354
111 9354
111 8442
108 8442
108 9354
99 9354
99 8439
96 8439
96 9354
87 9354
87 8436
84 8436
84 9354
75 9354
75 8433
72 8433
72 9354
63 9354
63 8430
60 8430
60 9354
51 9354
51 8427
48 8427
48 9354
39 9354
39 8424
36 8424
36 9354
27 9354
27 8421
24 8421
24 9354
15 9354
15 7488
15 7488
7491 7489
